-0.22173706
0.034466937
0.09904323
-0.70295995
-0.27622724
0.69746184
-0.5891266
1.0014945
0.37264198
-0.68094903
-0.7063939
0.068427674
-0.07296411
0.11662592
0.6496941
-0.53058565
0.4511861
-0.19665489
0.03585337
-0.3341446
0.006872814
-0.36889374
0.6021823
0.5238974
0.82516617
-0.12091872
-0.733158
-0.6724586
0.066840366
0.73427796
0.053346638
0.8375266
0.14358476
0.6622112
0.60405713
0.14983465
0.7763081
0.88845557
0.26477894
0.03392765
0.40444958
0.41153684
-0.50885785
-0.40067
0.28920016
0.5345359
1.151361
-0.16926567
1.2501116
-0.5034686
-0.5949914
0.98386717
0.94301885
0.334903
-0.4924252
-0.69092107
0.95561063
-0.789271
-0.27887818
0.46071595
-0.11088853
0.10097598
0.12498442
-0.14911857
-0.46777853
-0.8644354
0.06251213
-0.13126814
-0.8763361
0.14410971
1.0356802
-0.771079
0.7567311
0.4940265
-0.30290234
-0.8878572
0.41525987
0.12423786
0.34990174
-0.55478233
-0.5297697
0.88788426
-0.9633392
0.29355723
0.6923497
-0.42420998
-0.058218066
0.31776258
0.5436497
0.64479184
0.07402577
-0.1420253
0.9463968
0.85634416
0.48164773
-0.42417857
0.29591364
-0.41154394
-0.7569386
-0.8892053
0.62166953
-0.17748407
-0.017709536
0.58377576
0.5692554
-0.4356321
0.43856326
0.82605696
0.9373708
-0.37072885
-0.4639326
-0.38093263
0.6703813
0.31182292
-0.4105528
0.25440854
0.86672807
0.2260998
-0.88232136
0.49479616
0.026048787
-0.64796776
-0.5676877
-0.7686362
0.12614132
-0.45191678
0.09490064
0.61931074
-0.16206463
-0.5413809
-0.5742637
-0.79927766
-0.2489214
0.54165363
-0.087002546
0.053725656
0.8120255
-0.35656056
0.4292083
0.26241928
0.09282087
0.7404265
-0.8435379
0.22037251
0.03049596
0.79707277
0.01972389
-0.5273986
-0.7230743
-0.17425416
0.32930538
0.65924764
0.105875015
-0.7245296
0.8205059
-0.30063942
0.5430935
0.5089689
-0.17369668
0.0756108
-0.16998325
0.82941604
-0.088946596
1.0133235
-0.6363053
-0.8458562
0.7172632
-0.9426322
-0.80951846
0.3663957
-0.97651434
-0.5689983
-0.5237303
0.40812913
-0.8834788
-0.8730998
-0.017729998
-0.562948
-0.5367759
-0.43514243
0.060143694
-0.59344167
0.8610251
0.52244526
0.6340282
-0.19859348
0.7995515
0.96593744
-0.5166038
0.46962076
-0.15560812
-0.6940635
-0.6864151
-0.2856043
-0.45070377
0.011823082
-0.28842127
-0.5150565
0.49025986
-0.027709031
0.8179447
-0.9857921
-0.31536722
0.11714183
-0.5057171
-0.56160873
0.10305641
-0.085415624
0.4816559
-0.007958281
-0.09844117
-0.88558537
-0.8724999
-0.5468092
0.6276997
-0.63834786
-0.5331564
-0.64828044
0.47699505
0.9776017
0.22260956
-0.37798226
0.7545427
0.3073414
-0.38797125
-0.9728158
-0.12051589
0.6293499
0.11275978
-1.0041939
0.9082544
-1.0015038
-0.51868504
0.7135822
-1.0076056
-0.28103915
-0.2895229
0.64601713
0.94009507
0.31200045
0.42677054
0.2024552
-0.3410292
0.48406312
0.6305807
-1.0061016
-0.1187145
-0.34999886
-0.39198536
-0.1821961
0.97420245
-0.428908
0.30647403
-0.56287056
-0.82200044
-0.062147178
-0.25778282
0.005732747
0.80551124
-0.6882775
-0.52455574
-0.19326918
0.98879516
-0.019774657
-0.85600287
-0.8971457
0.830737
-0.63495505
-0.4178118
0.9577982
0.6396855
-0.8825925
-0.48162246
-0.17420836
-0.23442008
-0.45247477
-0.053985585
-0.91189605
-0.5099499
-0.92211974
-0.49051693
-0.18533686
-0.08918109
-0.6624668
0.8291101
-0.52084816
0.089034215
-0.92177635
0.5452198
0.36875686
0.94536626
0.15325823
-0.6514695
0.31961218
-0.5139918
0.48204887
0.18362811
-0.38920358
0.6923316
0.8079374
-0.3522782
0.4277402
0.9564773
-0.6240714
0.43546215
0.9062454
0.26773143
-0.6551185
0.8904986
0.6708036
-0.577206
0.8754628
-0.7817657
0.08431745
0.031104196
0.56972367
-0.23553632
0.55415124
-0.19767432
0.4519855
-0.70278317
-0.7910723
0.5881875
-0.73124903
-0.22040784
-0.3459704
-0.06374872
0.67490965
0.11497007
-0.78748184
0.774362
-0.2976654
-0.72607833
-0.6798217
-0.6366024
0.33751863
-0.2419186
0.6519709
-0.51719177
0.63185936
-0.35615706
-0.8809288
0.03964712
0.9585264
-0.5615459
-0.5664576
0.31362775
0.7636876
-0.025977213
0.01822294
0.85107446
0.48152813
0.677962
-0.239181
0.93864083
-0.7493561
-0.8190249
0.13845903
-0.14742099
0.51336855
0.6912568
0.69533753
-0.6365439
-0.59113175
0.9722452
0.16083682
0.60138774
-0.18848191
-0.80028707
0.90104
-0.49960494
0.68453413
-0.9019898
-0.9267926
-0.41247776
-0.76929
0.948207
-0.70688164
-0.20542316
0.63099843
-0.29203355
0.024754833
0.13930911
-0.0011498927
0.39310145
-0.63071597
0.02803447
0.4753986
-0.8379666
0.5940076
0.8176488
-0.5795283
-0.32680038
-0.5612633
0.7700734
-0.82235324
-0.98593485
-0.069863565
0.6801205
0.9273659
-0.5937
-0.09757024
0.2584361
0.7950681
-0.24820997
-0.062538184
0.45284826
-0.33294892
0.4501204
0.7588397
-0.26673725
0.7088549
-0.38469246
0.04818163
0.94608194
-0.68902916
-0.8924758
-0.6571856
0.88402545
0.61105144
-0.56424904
-0.014892916
0.70374995
0.5107169
0.86637276
0.5823751
-0.1481427
-0.937696
0.76151145
0.86089194
-0.6010443
-0.4214333
0.28177547
0.74896014
0.21733464
0.16227232
-0.97593427
-0.2024618
-0.21094318
0.73983854
-0.88788277
0.0011201854
0.30208096
0.3395154
0.17858186
-0.073291026
-0.19873396
-0.18503484
-0.8606387
-0.2860529
0.5383131
0.90913606
-0.44636998
-0.37236235
0.63872707
-0.6587189
0.894382
0.8096393
0.8833844
-0.9470568
0.2817168
-0.28286123
-0.6999712
0.12822528
-0.29496554
0.16730218
-0.77926624
0.16815637
-0.9273025
-0.18504791
0.53790754
0.35498756
-0.71727216
0.29318783
-0.25572184
-0.8228999
-0.31364387
-0.58980423
-0.27844056
0.023420718
-0.64806676
0.33725828
-0.77845234
0.78306925
0.995841
-0.13735531
0.43454236
-0.87473726
0.38627332
0.68955505
-0.8868192
-0.94173205
0.79930973
-0.18794991
-0.65038055
-0.015120238
-0.9847843
0.07660799
0.3828471
-0.44074252
-0.65473807
-0.6672115
-0.6911835
-0.55141985
0.21938068
0.6038145
0.23319809
-0.64841914
0.8454143
0.3183733
0.027689813
0.30520174
0.86075324
0.5444047
0.29391217
0.993874
-0.2448263
-0.7493885
0.39223117
0.40420094
-0.4487916
-0.73596555
0.57607377
0.9615836
-0.8372014
-0.942573
0.7669188
0.17754658
0.56903017
-0.7585036
-0.10434424
-0.43698847
-0.7946106
-0.90988266
0.26642433
-0.19918983
-0.2751489
0.46456423
-0.09149104
-0.19880997
-0.40025434
0.9509491
0.53070277
-0.19934225
0.94344836
-0.78326994
0.5116837
-0.6976358
-0.5325226
0.27284238
-0.21746065
-0.64000434
0.46245953
-0.53663546
0.7257966
-0.4060225
-0.6763561
0.9721601
-0.32945007
0.9049923
0.2336239
-0.18204667
-0.22497667
-0.008397184
-0.5583591
-0.68231267
-0.043804668
0.61041164
0.7510271
-0.4198932
-0.31970102
-0.49973297
0.7509391
-0.6750982
0.39968392
0.18249474
-0.2929866
-0.5254702
0.89435995
0.6403124
-0.95782447
-0.49126285
-0.3187601
0.4502627
-0.34118703
-0.2577035
-0.75911707
-0.09972683
-0.098810025
-0.09570425
0.03979345
-0.71132743
0.07838726
0.1541076
0.86198545
-0.42483327
0.092656165
0.15228373
0.35855934
-0.57298994
0.2449318
-0.24733888
0.4047515
0.8669491
-0.14833201
0.59914106
-0.67742115
-0.35582995
-0.93695676
-0.2380091
0.025093872
-0.2125254
0.7376086
0.34609777
0.3968245
-0.31295684
-0.63998497
0.40531382
-0.4349101
0.7877329
0.52527106
0.87151
-0.7322376
-0.2572429
-0.2598451
0.19308722
0.45448184
0.8787617
0.8018969
0.49275586
0.55948246
-0.36441487
0.5818121
-0.56597555
0.57398593
-0.1630118
-0.25174263
-0.7642811
-0.6421619
-0.48298213
0.27921513
-0.52320254
-0.09966535
0.44163898
0.79580873
0.15061817
-0.6700844
0.33377227
-0.89269906
0.3092016
0.8399502
-0.61510074
0.5204665
-0.09990613
0.1322434
0.83838105
0.16326731
-0.66853195
0.32491556
-0.29190758
-0.32844663
-0.4336618
0.8841637
0.41671672
-0.46998173
0.7152791
0.56540865
0.39009905
-0.45261756
-0.527642
-0.85611516
-0.61409557
0.03570707
-0.9178287
0.22228882
0.9546282
0.5044577
-0.098134756
-0.64643747
-0.9208627
-0.06265668
0.11039651
0.29829112
-0.22129552
0.12324883
0.74283624
-0.6654478
0.5804838
-0.08596575
0.79796505
-0.63560015
-0.97045314
0.6565103
0.7720901
-0.45930603
-0.763506
0.6206421
0.81520605
-0.68913615
-0.37025338
0.11690024
0.48611435
0.7238746
0.7046098
-0.97870046
0.81250924
-0.67774415
0.5136445
-0.086838804
0.5278855
-0.20321469
0.8617674
-0.895856
0.09589914
0.34462258
0.4145969
0.30051243
0.33406037
0.5373569
0.32543635
0.025795182
0.5510971
0.6000448
-0.6600737
-0.64927715
0.12660913
-0.2504578
0.75250787
0.07529843
0.08227572
-0.5360737
-0.78789455
0.010194842
-0.12595238
0.7424777
0.8201809
0.90668046
-0.30862173
-0.6264284
-0.2907813
-0.16366784
-0.55112135
-0.25105196
0.019555377
-0.7856428
0.3399794
-0.0962276
-0.25767526
0.89259446
0.5090982
-0.13465238
-0.89607114
-0.7803414
0.62451607
0.8423229
-0.3598512
-0.5477652
-0.7195791
-0.5619153
0.388265
0.27764684
0.52820444
-0.7675888
-0.4988516
0.07153832
-0.20950408
0.311654
-0.3456004
-0.034124658
-0.7345188
0.31717592
-0.2075823
0.5564876
-0.14979725
-0.02647586
0.028568152
-0.09198665
-0.46993405
0.45153022
0.6300093
-0.5755114
0.3442409
-0.07969251
0.4818677
-0.20968747
-0.9483646
0.718119
0.79992497
-0.4366199
0.85535467
-0.7066205
0.20730357
-0.35309207
0.7569203
0.41392192
-0.018088134
0.27834886
-0.6026972
-0.8690581
0.6899771
-0.99032736
-0.4202633
0.07889067
0.19412951
0.77739936
0.2883824
-0.7365154
-0.33415484
-0.027855802
0.09911937
0.33478734
0.9862361
0.25019163
0.9138382
0.2708125
-0.16770874
-0.19929074
0.16335867
-0.74627054
-0.53459305
0.5347722
0.46903712
-0.4844087
-0.5277881
-0.8764002
-0.3939783
-0.7236193
0.42809838
-0.62664336
0.10285572
0.43231204
0.7199581
0.11769037
0.018609412
-0.4339959
0.8616636
-0.52334577
-0.9858227
-0.56316626
-0.14883323
0.16124734
0.16692093
-0.06015804
-0.75525373
0.43408754
0.7618763
0.5478901
0.28781182
0.0072543505
-0.42534393
0.96645594
0.48576912
-0.6131577
-0.8725992
0.85843116
-0.47631708
0.98326427
-0.02915826
-0.39738756
0.30343023
0.73044467
0.9842016
0.11439098
-0.19640449
-0.46451202
0.2715956
-0.13282438
0.82442784
-0.15851055
0.56922513
0.67051464
0.80002165
0.24987333
-0.3518349
0.980725
-0.014283777
-0.15117693
-0.43552443
-0.091205426
-0.9608648
-0.9485403
-0.5381238
-0.52650493
-0.2010033
-0.39772975
0.16032211
0.3258688
-0.6715017
0.40204892
-0.56666136
0.50110555
0.87909734
0.9071879
0.86928254
0.55485916
-0.077026024
-0.7627614
-0.03998047
0.07637517
-0.71669835
-0.11976021
0.94700843
-0.66690505
-0.31385183
0.71498245
-0.9816774
0.48792997
0.27357215
-0.055615894
0.4559823
-0.97591245
0.13242213
-0.68992084
0.49392435
-0.47783905
-0.11403469
0.07878392
0.720381
-0.6557472
-0.5931358
-0.739567
-0.7618183
0.58989114
-0.26589113
0.6100726
0.96824104
0.88802636
0.075322084
-0.94146615
0.87262076
-0.27215537
-0.58332884
-0.357348
-0.6189953
0.49172413
0.9747458
0.97479546
0.6402479
-0.678146
0.4912724
-0.9246142
0.95879954
0.67065364
-0.099762045
-0.8188112
0.18584663
-0.4364314
-0.4034494
0.36654827
-0.38770527
0.292418
0.3022292
0.63022894
-0.24703166
0.66582334
-0.18865736
0.18836707
-0.12832765
-0.24141301
-0.13851675
-0.8227281
-0.5049458
-0.48413235
0.39734155
0.7156522
0.42180645
0.70495653
-0.9229252
-0.015217092
0.40856746
-0.96797496
-0.51425093
0.07103074
0.15535536
0.6816567
0.7611374
-0.13015771
-0.21874751
0.90707296
0.64801794
0.65112144
-0.12659991
-0.21492057
-0.39542982
-0.3093
0.53306526
0.9634064
0.92091453
-0.37890795
-0.82402647
0.6076095
-0.396537
-0.81456965
0.18458433
0.71808684
0.18227029
0.41940656
0.7415594
-0.51725584
-0.4406306
-0.5365641
0.10138353
-0.59985703
0.5139733
0.63932794
0.59652895
-0.5034704
-0.46361843
0.71762097
-0.35748264
-0.7990493
0.4611245
0.013848274
-0.44019076
0.18795437
-0.6846503
-0.88663894
0.7337483
0.7800358
-0.22880319
0.96805954
-0.53561467
-0.60802084
0.88143337
-0.39207375
0.77189404
0.93293935
0.5628712
0.38031515
0.24520947
-0.8417521
0.9369013
-0.41889536
0.10517139
0.3806354
-0.5598286
0.011526419
0.5994287
0.21098344
0.38094872
0.9945629
-0.88363326
0.6102562
-0.36317867
-0.60631967
-0.67016554
-0.13107651
-0.051700767
-0.941372
0.23710012
0.7868498
0.5661166
-0.5623762
0.95173746
0.91266537
-0.29400805
0.0033909564
0.7084321
0.48301914
0.87128496
-0.3663956
-0.22786392
-0.7448621
0.78905636
-0.9401004
0.60363954
0.49341136
-0.48958424
0.19004624
-0.96413475
-0.9892936
0.049526803
0.1713158
0.9091492
0.3281732
-0.21073614
0.8457024
0.27660468
-0.23737212
0.88965577
-0.4834368
-0.9787513
-0.3730789
-0.072819695
0.7619657
0.49249953
-0.4681081
0.051108304
-0.5299457
-0.33368856
-0.7947451
0.13004479
0.25299343
-0.70328116
-0.58895147
0.57195807
-0.08395618
-0.58222646
-0.1562128
0.66467476
-0.3073083
0.65903306
0.26899976
-0.22300081
0.7399848
-0.03477993
-0.31910563
0.018561646
-0.50766724
0.44098276
0.5616505
-0.53996277
-0.67346424
-0.7042023
-0.7627156
0.56205416
-0.68818337
-0.78865266
0.49776733
-0.0011518537
-0.28144258
0.7092539
-0.19019786
-0.27799565
-0.541071
0.62512386
0.75897497
0.79544413
0.6066509
0.20399319
-0.44330683
-0.68544036
-0.19800548
-0.064279616
0.032749556
-0.37008002
-0.47440958
0.8651675
-0.28842822
-0.21313627
-0.1760352
-0.30265734
0.325468
0.2984297
-0.5079001
-0.12854958
0.42315814
-0.8306715
0.45967138
0.48915064
-0.3455456
0.30542585
0.6215905
-0.110656306
-0.30174023
0.55112064
0.24988179
0.58425957
-0.1627711
0.7558934
-0.29355845
-0.7811482
-0.2819487
0.6149938
-0.74604803
-0.68934196
-0.006734506
-0.702122
-0.5860956
-0.3769621
-0.78199667
0.29533923
0.5537868
-0.80870825
0.6149918
-0.6264594
-0.8364679
-0.7681378
-0.85403544
-0.96286637
-0.3694693
0.55665743
-0.2841884
-0.5209862
0.2159155
0.3438551
-0.74655956
0.6434102
0.4394213
0.66753006
0.9332899
0.7358718
0.07391007
0.57703507
-0.14203487
-0.73138237
-0.4481272
0.10103283
0.11828728
-0.44989237
-0.21691416
0.21073891
-0.56312436
0.50380766
0.07664568
-0.6282535
-0.78035486
0.505306
0.11014485
-0.91997206
-0.7501038
-0.895074
-0.1895943
-0.3908448
-0.9041371
-0.5617097
-0.6650412
-0.9944353
0.75748324
-0.59332716
0.38456672
-0.69042534
-0.9465341
0.78144693
-0.4384824
0.014616001
-0.10779996
0.79384786
0.6343067
-0.26236045
-0.44449332
-0.040942557
-0.8411613
-0.7270941
0.9881053
-0.61129165
0.18460958
0.28625342
-0.8293521
0.22867441
-0.4680335
0.22971572
-0.41982427
-0.5798469
-0.5278367
-0.7014185
-0.90107656
-0.45129257
0.58605975
-0.35169286
-0.36939543
0.18936893
0.9793373
0.47604075
-0.77685785
-0.1693056
0.11550529
-0.9124984
-0.45288056
-0.7073532
-0.86742467
-0.38940433
0.20809516
-0.67665887
0.612091
-0.37816378
-0.43182588
0.97959375
0.5577391
0.6471166
0.49240768
-0.64541525
-0.42715713
-0.8033591
-0.24361609
-0.7796362
-0.9094408
0.82180816
-0.2834004
-0.76706564
-0.07910876
0.54949707
0.3171741
-0.49991474
0.34490824
0.9301785
0.45815483
-0.47578162
-0.46794215
-0.0034694723
0.37227502
-0.22809176
-0.8793687
-0.62001914
0.73737437
0.48047444
-0.49765164
0.042324662
-0.049446806
-0.32196367
-0.46693125
-0.8136356
0.28002033
0.8924673
-0.7937426
-0.8389551
0.35494336
-0.5315187
0.14450692
-0.48756373
-0.082268514
-0.9109097
0.7035349
0.6247472
0.6036615
0.6485365
0.917372
-0.106248826
0.1206985
0.38272536
-0.41257632
0.79811317
0.16576542
0.90926564
-0.64757764
-0.18877837
-0.895602
-0.31410372
-0.16941066
-0.26484025
0.64125663
0.24302128
-0.45728546
0.6581393
-0.6111491
0.5534374
0.678785
-0.50924146
-0.3754632
-0.1335786
0.5805095
-0.12772104
0.38420644
0.46797913
0.23992763
0.044946037
0.4471728
-0.09038233
-0.93894273
-0.7577996
0.8271812
0.53682727
0.71894807
-0.84149176
-0.082598135
0.31988153
0.96771836
0.040675465
-0.46379593
0.40338632
0.9679865
-0.8846143
0.872384
0.1138535
0.896518
0.21590677
-0.4756023
-0.31916776
0.4054894
-0.28649235
0.6715253
0.3981362
0.80625826
-0.8502687
0.7939869
-0.43874484
0.82033813
-0.65479463
-0.7149586
-0.8499028
-0.8522517
0.16088383
-0.19928534
0.9186405
-0.8236674
0.594119
-0.7346135
0.3440173
-0.25590435
-0.5759736
0.080572896
-0.3051991
-0.9935465
-0.75299764
0.2507845
0.3886205
0.20660366
0.40213042
0.9302904
0.7565192
0.41629255
0.04207501
-0.82820064
-0.65209186
0.16513693
-0.6109951
-0.43023843
0.0034340569
-0.7209261
-0.9275253
-0.10945242
-0.9763138
0.21772833
0.38642076
0.81952995
-0.9625005
0.74723303
-0.7368501
0.48989722
0.36629507
0.86136067
-0.13719942
0.6353731
-0.9331124
0.5551921
-0.2878855
0.81682426
-0.79431194
-0.7781634
0.5663046
0.5112332
-0.64406073
0.27812028
0.37462905
-0.40593117
-0.132936
-0.046481844
0.028089045
0.18729629
-0.009088268
-0.9410338
-0.07192884
0.71281797
0.6312776
-0.9242482
-0.12678654
0.58220005
-0.83673775
0.8858675
-0.81744796
0.91981804
-0.45193386
0.088895485
0.5797339
-0.5791237
-0.22065419
-0.99488366
0.95817554
-0.3941588
-0.3618251
0.18196623
0.8000835
0.47128785
0.61817384
-0.49152163
-0.21187024
-0.11793943
0.97053313
0.8732697
0.92691535
-0.10136399
-0.15788019
0.72878003
-0.6430583
0.6731291
-0.3495401
-0.11141116
0.98170316
-0.39366877
-0.9378417
-0.58059937
0.0011111764
-0.072706684
0.15899727
-0.42605373
-0.5217717
0.053676646
0.74663055
-0.62304616
-0.776434
-0.23181489
0.14371438
-0.28579438
0.40390554
-0.51761353
0.23372273
0.52056116
0.5549124
0.682373
-0.89678913
-0.95088845
-0.036168426
-0.9650199
0.12239864
-0.9395163
0.70571375
0.52151436
-0.98252654
0.30819875
-0.83172053
-0.3880654
-0.7969743
-0.30770332
-0.7678523
0.34900957
-0.6846888
0.027341165
0.91247433
1.0078694
0.8219032
-0.4318496
-0.14217764
0.101991616
-0.58344704
-0.85861915
0.7813729
0.28634858
-0.11501365
0.015238608
0.6252398
-0.97598976
0.14067705
0.48043674
-0.9386378
0.7340379
0.20048378
0.5370736
0.80637985
0.62698233
0.043403763
0.04564222
0.13914977
-0.61424685
0.45686254
0.22255707
0.9859889
0.4315161
-0.7355133
-0.53089327
0.010345776
-0.3459184
-0.32763958
0.17610861
-0.76760143
-0.8382239
-0.16270262
-0.61440074
0.9170537
-0.130491
-0.7600368
0.9275205
0.6365907
0.533795
-0.057941094
0.05598319
0.79252243
-0.742783
-0.596558
-0.5311836
0.18367805
-0.60753137
0.16587465
0.08388777
-0.34891948
-0.7135668
0.42259526
0.98666453
-0.6706111
0.38720885
0.2588776
0.5436771
-0.43987462
0.83335894
-0.8282579
0.83948225
-0.85323244
-0.13886856
-0.6140809
0.3266398
-0.6907782
0.09758605
0.41753805
0.84470063
-0.58061326
0.14552793
-0.6250562
-0.9808208
-0.59401584
0.70633835
0.545165
0.46081033
-0.42010027
-0.028691454
0.98122346
0.1475961
-0.4545244
-0.027351744
-0.013188531
-0.077335365
-0.1324505
-0.8172317
-0.3213392
0.10892189
-0.8129576
-0.24845126
-0.86940765
0.9296068
-0.38710788
0.47436097
-0.0068016294
0.6211633
0.37852672
0.83930016
0.9470432
0.9244869
-0.003988995
-0.6964562
-0.14154331
0.97663134
0.42715576
0.33565068
0.08201545
-0.46616757
-0.82912815
-0.30301693
-0.98575336
0.9386069
0.5717311
-0.06121011
0.6875361
0.25530037
0.15071537
0.1499273
-0.030482896
-0.38250288
-0.69377375
-0.3729411
-0.22995554
0.97395176
0.3455419
0.3205653
0.53589517
0.13829477
-0.528695
-0.3411639
-0.7209198
-0.6488759
0.10577713
-0.31354505
-0.5938335
0.38365746
0.71333367
0.30635488
0.68382096
-0.35685793
0.15258719
-0.13366948
0.8195185
0.6833486
-0.49238768
-0.667874
0.35765052
0.08717911
0.33830467
0.84710604
0.83090204
-0.23786438
-0.65295434
-0.38052717
0.473952
0.35811895
0.5457752
-0.25042066
0.15558484
0.7348412
0.2136708
-0.11918289
0.6791622
-0.8146689
-0.8605945
-0.6513433
-0.8976837
-0.5187931
0.97291505
-0.08775065
0.2962287
0.6960806
0.84523344
0.051679537
0.63129616
0.24143788
0.85041946
0.3544901
-0.64193213
0.59097993
0.4761782
-0.45137268
0.03633869
-0.2517089
0.6072803
-0.60881007
-0.81196874
-0.31512013
-0.6590904
0.79165965
0.24004368
-0.3065394
0.5344466
-0.6856199
-0.21223716
0.8788277
-0.27075315
-0.48859593
0.2155042
-0.14076659
0.90461504
0.41742575
-0.2003147
0.15977682
-0.62992734
0.9757717
0.55682147
0.7464927
-0.97002995
0.16836502
-0.69180477
0.6862055
0.24289311
0.18452132
0.69665605
-0.9890099
-0.45606926
0.09513796
0.22503097
-0.47291023
0.6127198
0.1828571
0.77512014
-0.47549665
-0.9593439
-0.6669716
-0.47798672
-0.87066096
-0.31433657
-0.29547104
-0.32455668
0.3881262
0.71064216
0.27910495
-0.93417054
0.07820136
0.7531662
-0.176677
-0.77552193
-0.28821638
-0.90070856
0.29955223
0.32029814
0.23059317
-0.77271706
-0.17072977
-0.9177371
-0.5098483
-0.37049714
-0.06085775
0.6658115
-0.21595526
0.43207222
1.0054828
-0.68970513
0.38391337
0.0122229345
0.56957895
0.5980567
0.3523402
0.5406305
-0.49029255
0.13592339
-0.26819608
-0.818058
0.9278465
-0.4387472
0.62025774
0.5440119
0.057796013
0.9218486
-0.38301387
-0.107588366
0.49222958
0.6780521
-0.34944028
-0.36877158
0.60135376
0.8459502
0.30456063
-0.39823753
0.13496606
-0.86915094
-0.59515524
0.86023915
0.6912563
0.29322428
0.8636136
0.7736121
0.9940809
-0.5576829
0.54943657
0.50169206
0.72177553
0.47240356
-0.696728
0.23887795
-0.97996855
-0.56728953
0.12753783
0.94887626
-0.23573107
-0.726692
-0.954594
-0.2528702
-0.86001974
-0.89773345
0.16221957
-0.4269652
0.17580056
-0.13250409
-0.94685596
0.34612703
-0.5127848
-0.7988309
0.7644174
0.4049872
-0.3182083
-0.94403607
-0.5713329
-0.2931179
0.62687016
0.7266458
-0.20574324
0.009126424
0.105612464
0.85996133
0.79123217
0.029430678
-0.7679726
-0.8744775
-0.32286274
-0.53443635
0.48133
-0.60559785
0.2853058
0.6777783
0.15754159
-0.55549717
0.41566902
0.80678535
0.7016417
-0.5028719
-0.49084422
0.16455084
-0.6372631
-0.787706
0.40838537
0.8413442
0.45299053
0.17195062
0.23006615
0.64523035
0.64040697
0.30408704
-0.8770221
-0.29039836
0.5737533
0.28379023
0.12470864
0.47477543
-0.4889368
-0.53741586
0.116917536
-0.0021530597
0.5193514
0.5388927
-0.5691657
-0.9426379
0.3661961
-0.09602124
-0.33414334
0.97417057
0.26084524
0.34461898
-0.13558547
0.603735
-0.7736049
0.62443966
0.38068706
0.6188455
-0.87989885
0.38043705
-0.5245063
-0.1838015
0.9963915
0.66681236
-0.05692577
0.93963104
0.8743739
0.55362076
-0.056228124
-0.6785902
0.83464944
0.23821868
-0.38166595
0.49266183
0.8084253
-0.7182202
-0.97503644
0.840971
-0.57607466
0.78382593
-0.5202339
0.38388875
0.8432836
0.5755168
-0.5277539
0.76486
0.6440202
0.8424607
-0.012105927
0.70309716
-0.5072106
-0.018535309
0.28962624
-0.7101811
0.6101341
0.9494729
-0.005146528
0.77040356
-0.16007702
0.88238716
0.6281915
0.7434921
-0.48937666
-0.6628222
-0.26124465
-0.92919004
-0.7793318
-0.84153044
-0.85904646
-0.7806377
0.1779752
0.67443997
-0.12139834
-0.7594828
0.7910697
0.6944789
0.09396885
0.14128044
-0.1650237
0.60771406
0.15373825
-0.9917466
-0.30028334
0.7781061
0.096120976
0.9284843
-0.009475404
-0.6149353
-0.24720377
-0.5205976
-0.9437348
0.87853676
-0.25795272
0.3645944
-0.09783027
0.29319245
-0.06182111
0.6282562
-0.6186739
0.8123956
0.991284
0.81087285
-0.43779776
-0.8232294
0.008402537
-0.6125676
-0.26599047
0.8009186
-0.3994178
-0.10932248
0.6408408
-0.20983356
0.15953828
-0.7832473
-0.7816618
0.44117886
0.444887
0.7990489
0.363847
0.26646513
-0.6530471
0.55724263
0.08013016
0.097394876
0.041354444
0.8485834
-0.27320528
0.41564393
0.6603411
-0.0057581216
0.030221276
0.6818645
-0.93455344
0.37659535
0.01557571
0.15052192
-0.654901
0.59244835
0.0839601
0.41566548
0.25586125
0.69946235
0.09596358
-0.21262279
0.9981587
0.21160385
0.5085056
-0.5335701
-0.5826585
0.15215692
-0.64922714
-0.55613285
0.008720753
-0.7751837
0.15238886
0.0771585
-0.040265918
-0.04184281
-0.188177
-0.62839425
0.8647534
-0.4577848
0.8356633
0.14460291
-0.2727298
-0.005124535
-0.64161736
-0.58426595
-0.6543603
-0.7270011
0.9582968
0.72627175
-0.5899106
-0.950413
0.39113304
0.31333855
-0.8884899
-0.112399526
-0.9755846
0.5174728
0.42508838
0.80231327
-0.9442945
0.25057697
-0.04514831
-0.59571475
0.3805067
0.85695314
0.5857108
-0.88304675
0.36753374
0.29189318
0.0904801
-0.675171
0.72614866
-0.831285
0.3155139
0.73764575
-0.82921046
0.96148515
-0.3874517
-0.25591236
0.636288
-0.6200084
0.7527853
0.056809947
-0.57562566
0.784695
0.7380334
-0.4148105
-0.14248808
0.39773154
-0.3648552
-0.86878055
0.76844907
0.02653046
0.8599264
-0.7385043
0.4752347
0.032975316
-0.83793056
0.4770677
-0.25455916
-0.6536961
0.9750399
-0.3160964
0.7148287
0.4794515
0.7727699
0.88555634
-0.28277606
-0.2982473
0.60484487
0.007375395
-0.44899994
-0.20022185
0.07857488
0.8095349
-0.1636602
0.17619252
0.71185577
0.9580596
0.79840636
0.43439946
-0.19752024
0.4926413
0.070482194
-0.9479936
0.7423494
-0.8282314
-0.07599089
0.26479167
-0.94549364
0.47497484
-0.28905317
-0.14175345
0.3336859
0.39609468
-0.76101196
0.21440712
-0.25542882
0.5944938
-0.6934858
0.6554217
0.76512367
-0.050273776
-0.31583157
0.9045686
-0.5419018
0.118988365
0.46486
-0.6910636
-0.28755262
-0.6905046
-0.114677444
-0.63700145
0.6148189
0.14325966
0.4756698
0.022742532
-0.60265523
0.23507032
-0.28978464
-0.6769785
0.24870414
-0.09694469
-0.79021966
0.89054203
0.69195
0.29019058
-0.014987823
-0.91626954
-0.80229723
-0.89917415
0.20869102
0.6994655
0.23145805
0.1407705
0.57539386
-0.547943
0.039160553
0.8993972
0.43026605
-0.23768839
0.12470395
-0.47375745
-0.46407858
0.7830901
-0.40359554
0.72001016
-0.3948447
0.047004547
0.34335145
-0.7038459
0.53390455
0.6372845
0.3504594
0.48809212
0.65186936
0.35955396
0.3530906
-0.6118477
0.22937335
0.03490531
-0.46481746
0.40766445
-0.96245164
0.77273285
0.98966676
-0.94247943
-0.256583
0.7816485
-0.7635106
0.9336912
-0.39998883
-0.8360893
0.2835082
0.40168634
-0.9240699
-0.98357636
-0.5775244
0.13608262
-0.20931165
-0.9179042
-0.78502446
0.4202495
-0.5073731
0.30321896
0.04568717
-0.07355655
0.646857
0.59674364
-0.08752709
-0.49952254
-0.36071518
0.38402963
-0.8165181
-0.54376256
-0.3675557
0.5929879
-0.44973078
0.8464424
-0.34164923
0.12478028
0.5047877
0.23071155
-0.343047
-0.90718615
-0.67015475
-0.4326612
-0.13199608
-0.44209555
-0.1837987
0.046980154
-0.76408
0.9153463
0.69026786
0.89039904
-0.72010636
0.6129513
-0.9103785
-0.5400633
-0.7083658
0.47263303
-0.659479
-0.6095453
-0.35699734
0.51651007
0.7473146
0.8561123
0.48575282
-0.092899255
0.14390878
-0.411308
-0.7995693
0.37856108
-0.44748908
0.8057504
-0.42860872
-0.63011354
0.45475718
0.82265574
0.8557389
-0.0403183
-0.10209075
0.7911525
-0.3288663
0.6571662
-0.054635182
-0.25090668
-0.068945885
0.12571077
0.82184935
-0.041316994
-0.055360835
-0.013025251
-0.483046
0.377996
-0.77072614
-0.99176455
-0.4220818
0.029810056
0.59186846
0.16945471
0.35811
0.020655446
-0.40648374
0.37891337
-0.9202261
-0.99064165
-0.35615063
0.93794894
0.73189783
0.03874772
0.65995604
-0.7549775
-0.9580209
0.8156427
0.4740705
0.6841207
0.5455619
0.7626401
0.99110085
0.16505066
-0.8775804
0.4608888
-0.5238257
-0.6445244
0.27552518
0.46839032
-0.71507215
0.29523116
0.900065
0.9196377
-0.14167908
0.78059435
-0.6740398
0.7981188
0.86458856
-0.3183186
0.005981633
0.3239572
-0.0011268717
-0.82125306
-0.6111807
-0.49025482
0.13911529
-0.19773053
0.22868991
0.60985774
-0.68960446
-0.89018685
0.87211174
-0.071062304
0.22652474
-0.13909876
-0.0924451
-0.75175375
-0.95203936
0.61735225
0.9670541
0.99536425
-0.5585039
0.850826
-0.5544078
0.20179364
0.023724321
-0.16274253
0.4331674
0.28420702
0.8406276
-0.109536864
-0.746578
0.7302403
-0.3435189
-0.18676119
0.65832734
0.88219404
-0.48154202
-0.16128857
-0.051539525
-0.81534356
-0.68671113
0.7888344
-0.92471474
-0.49587432
0.85103554
-0.30160508
-0.87413746
-0.58495474
-0.621786
-0.27672613
-0.5057387
-0.2731969
-0.62122285
-0.18894401
-0.47628218
-0.070874
4.6161065E-5
-0.7034849
0.42986497
0.7350084
0.5324506
0.36666617
-0.09148391
0.44437763
-0.029408094
-0.83115166
1.000975
0.45688987
-0.10186398
0.22025649
0.49778372
0.9508702
0.6684362
0.7351508
0.4512523
0.4617307
-0.8069177
-0.48135677
-0.7798437
0.912208
0.49762818
-0.8753904
-0.13930288
0.50044096
0.6700191
0.15550332
-0.33705956
0.7576073
-0.19189978
0.745308
-0.8402323
-0.88762414
0.15527973
0.5806471
0.029172363
0.30461565
0.7231629
-0.89853877
0.97922194
-0.8604901
-0.5971201
-0.05404337
0.9034967
-0.78184277
0.8114987
0.14291996
-0.59068227
-0.46450585
0.93707174
-0.916804
0.13666935
-0.8675505
0.028492222
0.87803483
0.22138608
-0.6560161
-0.9004916
0.34478387
-0.30276367
-0.39459974
0.93276596
-0.42032188
-0.31327787
0.28391606
-0.46984908
0.8394635
-0.17572238
0.52933216
0.5815358
0.28246662
-0.50152946
0.7625451
-0.2859952
0.012174377
0.24474233
0.09665319
-0.96133035
0.8304026
-0.12197762
0.7077737
-0.18014458
-0.89409864
0.8179633
-0.015225935
-0.027551781
0.26359034
-0.537279
-0.85939914
-0.46229747
0.53129584
0.43044248
-0.10116193
-0.72179645
-0.20962505
-0.9637591
0.8439528
-0.8968645
-0.36566722
-0.55093265
0.0879517
0.1701122
0.09367524
0.65216076
1.002672
-0.8197466
-0.15345755
-0.46657363
0.95504665
-0.33718273
0.2177203
0.22600722
-0.7972543
0.8209847
0.76259226
-0.8400315
-0.5766703
-0.06758111
-0.16888098
0.19340628
0.6934112
-0.80015945
-0.85890555
-0.3288088
0.1815004
0.47495076
-0.90482485
-0.7202396
-0.72440463
-0.68193144
-0.6605716
-0.83397377
0.44140127
-0.48056078
0.9091406
0.9600728
0.70439804
0.35338238
0.17497198
0.039611887
-0.67557395
-0.37695092
0.77091414
0.6673132
-0.025613118
-0.1403311
-0.27698192
0.50014234
-0.4790914
0.8979813
0.018604185
0.32299116
0.38499835
-0.48017317
0.07821163
0.89417607
-0.63945323
-0.16478465
0.72842306
-0.71838117
0.780828
0.6495202
0.5820258
0.16575788
-0.053431734
0.17657748
-0.9636261
-0.73542124
-0.14974879
0.15731487
0.5204659
0.24441248
0.43112972
0.7203249
0.061527036
-0.73115414
0.78646696
0.07450381
0.7524233
0.6687026
-0.9100301
-0.43951097
0.28845844
-0.85856867
0.32957655
0.49195215
0.3917868
0.35169142
0.38660088
0.7280832
-0.3627722
0.8407595
0.49156138
0.008107431
0.9604294
-0.27022967
0.5838611
-0.38002336
-0.053092122
0.9036235
-0.18996312
0.33820897
0.97299623
-0.94470817
0.98328435
0.10409446
-0.9181069
0.221553
-0.428306
0.38627955
0.61137664
-0.64988405
0.6353113
0.98065144
0.6334484
-0.2028129
0.9395916
-0.542741
0.3980103
0.6627221
0.43273032
-0.52736264
-0.7944967
-0.6294939
-0.7673821
-0.28638127
0.358784
-0.99090356
-0.6718735
0.3545635
0.2142875
0.6184085
0.33326998
0.667388
0.73538566
-0.18472116
-0.23137651
-0.4177091
-0.6131238
0.93561256
0.59436
0.86660844
-0.25582835
0.21126236
0.044583924
-0.030951342
-0.22419773
0.4249837
0.120732725
0.48409855
0.37736234
0.94534093
-0.40649763
0.7266444
0.47174546
-0.9222468
-0.22026528
0.95939773
0.7363786
-0.73684293
-0.041904107
-0.5929685
-0.16788597
-0.19111557
0.8786665
0.46530607
0.95928675
0.5852381
0.505504
-0.83821106
0.45528394
-0.6465368
0.8469422
0.3309795
0.20078026
-0.71372885
0.55983853
0.7702176
-0.3186077
-0.37087625
0.83820426
0.14873266
-0.30920815
-0.5995317
0.053302728
-0.63083625
-0.15905654
0.6145126
-0.41218263
-0.2658939
0.37314764
0.5538708
-0.6702095
0.3149712
-0.97493786
0.3081091
0.46234408
0.66035044
0.14511566
0.99625
-0.7201325
-0.79754305
-0.31827617
-0.10940828
-0.9263321
0.57196623
0.20559324
1.1998304E-4
-0.6167843
-0.631283
0.6991037
0.5719669
-0.7159108
-0.09421034
0.4771703
0.45627278
-0.19082738
0.91813487
-0.6742601
-0.716898
0.0736443
-0.6821834
0.69758636
-0.9644114
0.24685133
-0.3082104
-0.34902948
0.73349607
0.09597428
0.4249341
0.09417892
-0.33942717
0.529007
-0.908451
0.86603755
-0.11047913
-0.71330565
-0.926238
-0.8098528
0.6432581
0.71812856
0.2310708
-0.87452066
-0.5046523
-0.5247101
0.88280374
-0.22107089
0.34971273
0.8268824
0.4006022
-0.7475219
-0.31102374
0.35078296
-0.7891567
-0.4575354
0.6551541
0.733419
0.20381302
0.99889755
-0.76376605
-0.39235884
0.19955692
0.27239478
-0.01755996
-0.56548494
0.34827504
-0.8375218
0.5101345
0.752989
0.21021569
-0.6724667
0.37179723
-0.63779694
-0.39345095
-0.6618196
0.8004269
0.41442174
-0.7452081
0.23661645
-0.72895503
-0.23290697
-0.231963
-0.51023394
0.9249855
-0.5182033
0.593912
0.9331622
-0.60330564
-0.13771483
0.107232645
0.16337271
0.83427364
-0.9431724
-0.68223375
0.75709194
0.5673949
0.9103535
0.31424198
0.5859785
0.19985995
0.53341067
0.9783787
-0.41096723
-0.29097593
0.76984227
-0.71412975
0.3756388
0.58053553
-0.30439112
0.033717442
-0.7861368
-0.055627182
-0.8592786
-0.22950993
-0.82853687
0.2465186
-0.75415534
0.3020153
-0.6082684
0.04372819
0.096126966
-0.71334463
0.8987877
-0.7867515
0.60987186
0.075165376
-0.36642742
0.05564896
-0.9920119
0.25736797
-0.057374723
0.5647522
0.43065992
-0.8525849
0.22382407
-0.5180644
-0.42037737
0.8416489
-0.9867534
0.6596729
-0.37649867
-0.5831665
0.4705796
0.7512143
-0.98554194
0.3428917
0.8937927
-0.7768495
-0.6447008
-0.7656696
0.66998005
-0.64705956
0.031749114
-0.29562032
0.90739375
0.9745299
0.8729724
0.27144527
0.86900026
0.46788362
0.85054946
0.013102701
-0.687554
0.81644636
0.5185069
0.003292329
-0.17194608
0.33993676
0.71049327
0.4176215
-0.62495524
-0.85263556
-0.15149212
-0.3976943
0.3078092
-0.66661084
-0.810691
-0.48315626
-0.5338034
0.44050604
-0.75180507
-0.6378097
-0.90540487
-0.13124305
-0.20045844
0.5031412
-0.23730546
0.5031134
-0.1753738
0.34253922
0.77002
-0.9027436
-0.9109492
-0.86131203
-0.9821071
0.6889259
-0.86355937
-0.460885
0.8693038
0.73897994
0.92013633
-0.0022739572
-0.95832586
-0.49300325
0.5118683
0.15027289
0.2575689
0.7285515
-0.08989908
0.802861
-0.8899733
0.65468425
0.3065796
-0.8629895
-0.71167
0.0834416
0.80142856
-0.5497016
-0.8102273
-0.78705794
0.1589787
0.9159642
0.8689619
0.8691476
0.8591269
0.5860699
-0.8648429
-0.094662115
-0.56619614
0.19639258
-0.24887522
-0.54827887
0.8867926
-0.81513166
-0.36337733
0.0852181
-0.14950493
-0.2092041
0.2151386
-0.035254497
-0.9470638
-0.8939738
-0.7804623
0.50420314
0.657727
-0.48956302
0.53675795
-0.73484105
0.11350438
-0.9659781
-0.017603476
-0.59902537
-0.80408365
0.90672606
-0.66273415
-0.810378
-0.8176738
0.7860104
-0.6076665
0.019829102
0.28210738
0.992262
-0.7330314
0.4744938
-0.28761542
-0.58619016
-0.112554215
0.13951844
0.30872098
0.7248266
0.07272246
-0.8565632
-0.23453571
-0.95038986
0.49281523
0.594435
0.3358162
0.2808938
-0.55486417
0.56518763
-0.826476
0.86717516
-0.7689615
0.44742635
-0.81948674
0.038657248
0.861345
-0.71492046
0.9209979
0.32139316
-0.30622676
0.9162016
-0.13052711
0.31568208
-0.26563033
0.6317103
0.08628408
0.8091605
-0.6982288
0.45816442
-0.7750064
-0.4687534
-0.04984428
-0.88893783
0.732796
-0.044879287
-0.236596
0.2834187
-0.8603799
-0.82284725
-0.6342071
0.90008307
-0.75568014
0.8412864
0.33063555
-0.24190429
0.28298098
0.038691748
-0.8754547
0.13221723
-0.7670831
-0.9166936
-0.921386
-0.3063689
-0.35471973
-0.94367874
0.44206828
-0.55385476
-0.25163725
-0.6350893
0.1812785
0.3259629
-0.10394096
0.43429282
0.8027332
-0.4515519
0.83935064
-0.78693765
-0.82388955
0.80748445
0.83506775
-0.7700973
0.08900116
-0.9097848
-0.88237935
0.5401711
-0.82103306
-0.06987837
-0.13663088
0.10273508
-0.36485282
0.7416962
0.48928466
-0.11450145
-0.81355864
0.09995932
0.8439994
0.3578198
-0.272346
-0.3027842
-0.38938305
0.7528832
0.24569906
-0.88120276
-0.7787018
-0.8725145
-0.44955963
-0.48251915
0.29128373
0.09239918
-0.16190137
0.896218
-0.13415664
0.7347293
0.12677756
0.6028165
-0.5403032
-0.7011119
-0.8987155
0.622345
0.40391263
-0.9773408
-0.81509393
-0.93278754
-0.2734991
0.62074333
0.21464169
0.4515295
-0.5255161
-0.19430597
-0.48952195
0.38954476
0.31850424
0.60177827
-0.2402481
0.3531088
-0.14010777
-0.8386555
0.8145758
0.6953225
0.43563217
0.2647767
0.17184976
-0.94474393
0.69189066
-0.26034772
-0.4484684
0.84877646
-0.34228003
0.7184638
0.17611869
0.8410291
-0.120201364
-0.20259732
-0.26087573
-0.6463434
0.58992714
0.9242033
-0.5567707
0.08459334
-0.13413982
0.14394557
0.3182424
0.2412979
-0.6951351
-0.763986
-0.9149947
0.20924944
0.808645
0.7161688
-0.99045676
0.8586839
-0.18607312
0.5785574
0.5027491
0.14437006
-0.5490071
0.9532899
-0.79575706
0.82940453
-0.93051
-0.3418103
-0.9217383
-0.2826324
0.6011351
0.633492
0.8327201
-0.0095043015
-0.2547408
-0.74892247
0.11685652
0.21018218
0.577345
0.44855398
0.80848706
-0.3474336
0.36222783
0.9833029
0.8020294
0.62412655
0.5911944
-0.017597202
-0.942166
0.1039536
0.9630188
0.5604296
0.41155577
0.63414425
0.32027617
-0.7235789
0.58516985
-0.5244624
0.913427
-0.17794397
-0.5728663
-0.16815159
0.6707766
0.6087147
0.50491357
-0.13786852
-0.17353864
0.58166635
0.9797026
-0.5880097
-0.99365157
-0.14156751
-0.2098971
-0.80001956
-0.34145227
-0.13135722
0.28602165
0.7881101
0.80923957
0.9307013
-0.5322546
-0.6210112
-0.45987332
0.20031984
0.33130026
0.20725521
0.13848278
-0.35018224
-0.0068210545
0.2825922
0.5144932
-0.32161713
0.6428321
-0.9792172
-0.22632456
-0.28000864
0.7233116
-0.7000675
0.96115613
0.5782161
0.27208152
-0.4442807
0.31618783
-0.19918475
0.83428484
0.66223204
0.410987
-0.024943521
0.82757765
-0.77643925
0.3276585
-0.31082144
0.07505753
-0.3708183
0.014528438
0.4253514
-0.14302526
-0.028803961
-0.23623198
-0.3644051
-0.53805196
0.64925075
0.19049063
-0.9229615
-0.72025174
0.6446226
-0.41464227
-0.56933016
-0.80124295
-0.7232157
0.54731745
0.13997336
0.10209455
0.16001026
0.9508089
0.6296897
-0.8067137
0.4202977
-0.18262686
0.11737877
-0.8189019
0.31040266
-0.12060251
-0.644359
0.1401977
-0.5923937
-0.11258254
-0.06307089
0.4037817
-0.8598952
-0.2269371
0.23250368
-0.09770879
-0.5090663
0.47660542
0.19253188
0.86621225
0.39922205
0.6933632
-0.18112862
-0.06427931
-0.56561655
-0.16993195
0.6411712
-0.476346
-0.6008335
0.70216453
0.92939854
-0.5546346
-0.43928906
0.7633177
-0.77934486
-0.2432502
-0.5962337
-0.7995719
-0.65802914
-0.92704433
0.97959214
0.35766324
0.6409101
0.4692735
0.14447182
0.71464384
-0.55768275
0.99538827
-0.39938802
0.021558888
-0.95193833
0.27295545
-0.37190914
-0.11042692
-0.91865176
0.025146207
0.35328817
0.79065806
-0.48448178
-0.067450695
-0.53918236
-0.8999915
-0.8935257
-0.5699171
0.25238064
-0.26258785
-0.017836854
-0.89112943
0.29816204
0.65928274
-0.8072552
-0.47652662
0.9546046
-0.45515338
-0.4400493
-0.61955196
0.42636153
-0.096442804
0.19654958
-0.58339185
0.29370853
-0.14307678
-0.4172627
0.5059265
-0.9307983
0.095142476
-0.3552722
-0.958896
0.38206214
-0.46911243
0.3649458
-0.9765399
0.4623385
0.47159028
-0.34595194
0.8086659
0.73257524
-0.5340936
-0.854071
-0.9688471
-0.73758036
-0.6763807
0.8720705
-0.9771243
-0.66830766
0.093744054
-0.878439
-0.6135014
0.47064182
0.5965472
0.7566053
-0.3774228
0.71259874
0.23326597
0.14033762
0.15044054
-0.73827636
0.7854609
0.79899645
-0.8990901
-0.8630857
0.37465414
-0.23097278
-0.59611225
-1.0045826
-0.48790115
-0.08423976
0.19157338
0.96871656
0.068754345
0.4000263
0.31416634
-0.25925514
-0.27327722
-0.27393425
0.28394967
-0.7690554
-0.50376016
0.21037847
0.55900544
0.58901566
-0.16459237
-0.22846876
-0.8186032
-0.49581787
-0.0835247
0.4762041
-0.89204895
-0.78187287
0.7589923
-0.30037427
-0.88368016
-0.7826891
0.105864614
0.21453759
-0.6235339
0.90281737
-0.83554745
-0.8122059
0.5371895
0.40403426
0.4459164
-0.52265245
0.6260047
-0.78210443
0.8410811
-0.3641283
-0.31563917
0.8595551
0.64630234
-0.6146875
-0.1288578
0.03236055
0.61069643
-0.37836763
0.47060266
-0.9280292
0.002800795
-0.72956175
-0.979292
-0.17271131
-0.41076058
0.97552514
-0.24129108
0.6600658
-0.9310082
-0.12760381
0.52850837
0.7629004
-0.8195341
0.46122319
-0.7315448
0.6014736
0.4807756
0.03706254
-0.73940265
0.8835145
-0.18576457
0.9954402
0.5390311
0.2667078
-0.85100406
0.9423633
-1.0067925
0.7144023
0.71017194
0.46388537
-0.9372681
0.3748235
0.2768079
0.19365916
0.06985296
-0.43415177
-0.5137884
0.81147426
0.842264
-0.27413335
0.47767964
0.66544425
-0.3711855
-0.19305074
-0.8965875
0.6058466
0.72260195
0.13843392
-0.49432603
-0.16469151
0.12608089
-0.39177015
0.010833704
0.9426498
0.6865164
0.33590183
0.88836807
-0.8210026
0.48041975
-0.6620383
-0.13276531
0.6348764
0.4311287
0.058478016
-0.03953873
0.3568923
0.3527542
0.8757977
-0.30435988
-0.4544164
-0.6732313
0.35316467
0.49170828
-0.9834999
-0.8057364
0.38049433
-0.15786797
-0.8363861
-0.66914487
0.20153223
-0.5435528
-0.38915795
-0.5505177
0.56851244
-0.28997377
0.2608086
0.72973883
0.45862293
0.3211893
-0.6752045
0.49428886
0.06513038
-0.42254698
-0.38065332
-0.7724565
0.26755372
-0.93418175
-0.6079121
-0.29214445
0.91704327
-0.69540113
0.72859
-0.41445917
-0.06207444
0.5391525
0.86687523
0.38077578
0.82009023
-0.43129793
-0.53739953
-0.99471223
0.4675713
0.41378686
0.25918764
-0.20632598
0.2472858
-0.78660023
0.6512855
0.595641
0.6306816
-0.88035816
0.97002393
0.03681294
-0.25526723
-0.66877466
-0.49712288
-0.83915895
0.8491964
0.19752727
0.90497154
0.058899347
0.8498643
0.6871442
0.68275464
0.41026202
-0.28613257
0.30265296
-0.62061435
0.45901054
0.87599665
0.26706892
0.3341322
-0.773895
-0.36054006
0.59010553
0.6379003
0.66838086
-0.023431921
0.4516813
0.62174267
0.7852247
0.083820336
-0.6326027
-0.08601674
0.683093
-0.45437673
-0.62375134
0.9375478
-0.84653676
0.096484564
0.8706576
0.5561871
0.27895454
-0.3066621
-0.637189
0.6290524
0.39369866
-0.3343437
-0.8174868
-0.89599377
0.8343433
-0.32964242
0.75915444
0.3515352
-0.4048263
0.4097723
0.9816607
-0.18628527
-0.37755263
-0.017947536
-0.9094809
-0.26783884
-0.06522079
0.34003744
-0.7907466
0.57253003
0.7521448
-0.8789596
-0.04386492
-0.43174624
0.20810792
-0.008299763
0.31491834
0.5264433
-0.48978752
0.5572481
0.3487858
-0.76877904
-0.1864707
-0.21522656
0.17079167
0.53499466
-0.5554777
0.07876011
0.14864112
0.49981213
0.8476138
0.9816218
0.41452223
-0.13888799
-0.117696516
0.006699824
-0.735823
-0.46832678
-0.8856374
0.91621846
-0.8347089
0.9005806
0.10511703
-0.63983285
-0.8999141
-0.9243044
0.71600145
-0.021421496
0.86525846
0.61257726
-0.91393363
-0.45167658
-0.8696726
-0.2676507
-0.8686908
0.10121723
0.40807977
-0.5972877
-0.15426256
-0.27335286
-0.09237609
-0.56199825
0.39748076
-0.9627149
-0.90339386
-0.9075462
0.38515323
0.24071003
0.5379525
0.7883992
0.3124926
-0.6983258
0.6259237
-0.3153761
-0.7423402
-0.61793303
0.77135414
0.4496755
0.0838442
-0.9488061
-0.4195624
-0.4196994
0.70765316
0.8747891
0.8339117
-0.593758
-0.29205546
0.8029244
-0.06622375
0.13838933
0.5204306
0.3028087
0.2887217
-0.8837784
0.3596216
0.20439862
0.68660986
-0.11187141
0.42859754
-0.9909873
-0.28442347
-0.5989269
-0.25062737
-0.26382124
-0.75757414
0.6058558
-0.7646994
0.49728468
-0.2241229
0.19794531
-0.7578506
0.7251736
0.8492153
-0.54663295
-0.48672622
0.886719
0.3742074
-0.17426929
-0.5240922
-0.6336923
-0.64902407
0.16004452
-0.9881103
-0.4172321
-0.62603253
-0.9315565
0.07695884
-0.9297323
0.83252263
0.8647763
0.73913103
0.6628109
0.82047975
0.67914945
-0.5591795
0.19539545
0.4851956
0.4767584
-0.29658943
0.07631898
0.889024
0.5653258
-0.7380635
0.08501646
0.9313902
-0.27533802
-0.756932
0.18846628
0.6019476
-0.72031283
0.64475286
-0.29811215
-0.43129355
0.41233018
0.30570048
-0.16130632
0.58485144
-0.9187261
-0.8296546
0.6888538
0.3150864
-0.22249232
-0.9042434
0.2837659
-0.20625204
0.20477018
-0.62668
0.016862523
-0.14007835
0.18238251
-0.3386295
0.43281323
0.64066494
0.60978276
0.6832392
-0.4377033
-0.59563935
0.5929941
0.17137592
0.51931804
-0.68002194
-0.08302902
0.14413849
0.13800453
0.3906147
0.59507537
-0.23127444
0.66396683
0.6535339
0.32598814
-0.94748676
0.44390792
0.478836
0.60995054
0.2930171
0.5895272
-0.39871347
-0.94557405
0.18392988
0.062227808
-0.34924337
0.08724573
0.75617456
-0.11983974
-0.38697407
-0.32765314
-0.679849
-0.7795796
-1.0051674
0.3864033
-0.6036117
0.025706198
0.56317204
-0.67654574
0.5495936
-0.313395
-0.6756978
0.73740625
0.70326865
0.5335685
0.12235589
-0.7634365
1.0008976
0.74063945
-0.5530756
-0.4977887
1.0101054
-0.40370345
-0.10874893
-0.10756591
0.35880494
-0.6952199
0.032350663
-0.03223574
0.9639296
0.47846085
-0.9205021
-0.77737516
0.48277923
-0.5426698
-0.19343635
-0.4161998
-0.21851444
-0.94032663
0.55935264
0.6189748
-0.38888693
-0.97335726
-0.8804775
-0.6390212
0.2904084
0.6324244
0.38218898
-0.48673546
0.5949998
-0.23099166
0.53760344
0.9375041
0.5645726
0.5953798
-0.99426615
0.9164231
-0.2907421
-0.07336309
0.7812238
-0.71350414
0.75236404
0.21533658
0.42493862
-0.5394868
-0.12122823
0.25468963
0.23682517
-0.5883897
-0.7874027
0.54397523
0.09743163
-0.9948584
-0.07439273
-0.21507324
-0.3120081
0.19211972
0.046397913
-0.64789826
-0.78252757
-0.9729748
0.94949174
-0.76227224
-0.47033414
0.5951786
0.8683483
0.78179055
0.847642
-0.92332435
-0.21408194
0.90773827
-0.50398535
0.18052517
-0.1326783
-0.45784074
0.72203207
0.1230696
0.7693838
0.8515278
0.15119706
0.68599415
0.44325194
0.6480028
-0.7069553
0.8871754
-0.42433542
0.38690388
0.5470867
-0.83473396
0.78972363
-0.8346619
0.6426764
0.8705222
5.4056738E-5
0.11280638
0.013336081
0.49151677
0.2555614
0.24121901
-0.21685226
-0.81329596
0.45245737
0.29279873
0.373149
0.9317846
0.6507666
0.82360345
-0.8671555
0.098364934
-0.15210842
0.12806621
0.95001096
-0.3986925
-0.45214868
0.20804112
-0.8670008
-0.5825576
0.83714014
0.46640834
-0.3502214
0.21438654
0.08407278
-0.013996619
-0.45091096
-0.9387311
0.6029001
-0.83590764
-0.52368456
0.7282304
0.050161116
-0.5831468
0.20254451
-0.316665
0.7944884
-0.4898304
-0.9346288
-0.4184584
-0.49020562
-0.36422536
-0.3914265
-0.7565611
-0.5254394
-0.7822642
-0.43998346
-0.5367098
0.60635465
0.46606356
-0.7187502
0.54166144
-0.2009524
-0.27283895
0.9888951
-0.81629264
0.29681504
-0.7360646
0.60568833
0.87914777
-0.76448107
0.04063097
-0.014972716
-0.086147755
-0.13650961
-0.7045478
-0.9818712
-0.8545266
-0.97558373
0.68957937
0.75657237
0.5598299
-0.79458916
-0.7789508
-0.016986594
0.77576554
0.30841213
0.63890576
-0.6564003
-0.70930177
-0.8844092
-0.75128216
0.34728676
-0.25820965
-0.067441374
-0.805413
0.48307687
0.9179655
-0.88006
0.31675562
0.118276015
-0.41283685
-0.9444207
-0.7998248
-0.475727
0.12243368
-0.6526032
0.0933266
0.016991923
-0.7374777
-0.8595621
0.44065496
0.22769597
-0.22648607
-0.017289788
-0.77142304
0.021534622
0.72999096
1.0694858
0.44486898
-0.13378899
-0.75370276
0.10781954
0.2923332
0.9201251
0.8093833
-0.7820243
-0.64037144
0.41154101
-0.10860483
0.2620659
-0.74507517
-0.7434172
-0.5931014
0.8847568
0.47950584
0.68289906
-0.5380797
-0.36783007
-0.24848342
0.80544573
-0.48610163
0.03643919
-0.49257353
0.39994103
1.0848936
-0.37741405
0.430182
-0.87480265
0.14790455
-0.5639659
-0.30620575
-0.44608977
0.8528211
-0.49566394
-0.78930473
0.8430124
-0.35788277
-0.44508547
0.024474598
-0.048263587
-0.14849105
0.5799228
-0.32499325
-0.72877944
1.0829654
-0.042088408
0.9454311
-0.50694424
0.66266304
0.70748955
-0.035387408
